ILOG_CSV_FORMAT,1.0

ILOG_DATA_SCHEMA,MASC,1.0

MODEL|NAMES,NAME,START_MIN
MODEL|TYPES,string,int
MODEL,STC_NCOS_61,0

RESOURCE|NAMES,RESOURCE_ID,SETUP_MATRIX_ID,INITIAL_SETUP_STATE,CAPACITY,START_MIN
RESOURCE|KEYS,1,0,0,0,0
RESOURCE|TYPES,int,int,int,int,int
RESOURCE,0,0,2,1,0

SETUP_MATRIX|NAMES,SETUP_MATRIX_ID,FROM_STATE,TO_STATE,SETUP_TIME,SETUP_COST
SETUP_MATRIX|KEYS,1,1,1,0,0
SETUP_MATRIX|TYPES,int,int,int,int,int
SETUP_MATRIX,0,0,0,0,0
SETUP_MATRIX,0,0,1,860,860
SETUP_MATRIX,0,0,2,0,0
SETUP_MATRIX,0,1,0,600,600
SETUP_MATRIX,0,1,1,0,0
SETUP_MATRIX,0,1,2,0,0
SETUP_MATRIX,0,2,0,600,600
SETUP_MATRIX,0,2,1,600,600
SETUP_MATRIX,0,2,2,0,0

ACTIVITY|NAMES,ACTIVITY_ID,SETUP_STATE,PERFORMED_STATUS
ACTIVITY|KEYS,1,0,0
ACTIVITY|TYPES,int,int,string
ACTIVITY,0,0,PerformedOrUnperformed
ACTIVITY,1,0,PerformedOrUnperformed
ACTIVITY,2,0,PerformedOrUnperformed
ACTIVITY,3,0,PerformedOrUnperformed
ACTIVITY,4,0,PerformedOrUnperformed
ACTIVITY,5,0,PerformedOrUnperformed
ACTIVITY,6,0,PerformedOrUnperformed
ACTIVITY,7,0,PerformedOrUnperformed
ACTIVITY,8,0,PerformedOrUnperformed
ACTIVITY,9,0,PerformedOrUnperformed
ACTIVITY,10,0,PerformedOrUnperformed
ACTIVITY,11,0,PerformedOrUnperformed
ACTIVITY,12,0,PerformedOrUnperformed
ACTIVITY,13,0,PerformedOrUnperformed
ACTIVITY,14,0,PerformedOrUnperformed
ACTIVITY,15,0,PerformedOrUnperformed
ACTIVITY,16,0,PerformedOrUnperformed
ACTIVITY,17,0,PerformedOrUnperformed
ACTIVITY,18,0,PerformedOrUnperformed
ACTIVITY,19,0,PerformedOrUnperformed
ACTIVITY,20,0,PerformedOrUnperformed
ACTIVITY,21,0,PerformedOrUnperformed
ACTIVITY,22,0,PerformedOrUnperformed
ACTIVITY,23,0,PerformedOrUnperformed
ACTIVITY,24,0,PerformedOrUnperformed
ACTIVITY,25,0,PerformedOrUnperformed
ACTIVITY,26,0,PerformedOrUnperformed
ACTIVITY,27,0,PerformedOrUnperformed
ACTIVITY,28,0,PerformedOrUnperformed
ACTIVITY,29,0,PerformedOrUnperformed
ACTIVITY,30,0,PerformedOrUnperformed
ACTIVITY,31,0,PerformedOrUnperformed
ACTIVITY,32,0,PerformedOrUnperformed
ACTIVITY,33,0,PerformedOrUnperformed
ACTIVITY,34,0,PerformedOrUnperformed
ACTIVITY,35,0,PerformedOrUnperformed
ACTIVITY,36,0,PerformedOrUnperformed
ACTIVITY,37,0,PerformedOrUnperformed
ACTIVITY,38,0,PerformedOrUnperformed
ACTIVITY,39,0,PerformedOrUnperformed
ACTIVITY,40,0,PerformedOrUnperformed
ACTIVITY,41,0,PerformedOrUnperformed
ACTIVITY,42,0,PerformedOrUnperformed
ACTIVITY,43,0,PerformedOrUnperformed
ACTIVITY,44,0,PerformedOrUnperformed
ACTIVITY,45,0,PerformedOrUnperformed
ACTIVITY,46,0,PerformedOrUnperformed
ACTIVITY,47,0,PerformedOrUnperformed
ACTIVITY,48,0,PerformedOrUnperformed
ACTIVITY,49,0,PerformedOrUnperformed
ACTIVITY,50,0,PerformedOrUnperformed
ACTIVITY,51,0,PerformedOrUnperformed
ACTIVITY,52,0,PerformedOrUnperformed
ACTIVITY,53,0,PerformedOrUnperformed
ACTIVITY,54,0,PerformedOrUnperformed
ACTIVITY,55,0,PerformedOrUnperformed
ACTIVITY,56,0,PerformedOrUnperformed
ACTIVITY,57,0,PerformedOrUnperformed
ACTIVITY,58,0,PerformedOrUnperformed
ACTIVITY,59,0,PerformedOrUnperformed
ACTIVITY,60,0,PerformedOrUnperformed
ACTIVITY,61,0,PerformedOrUnperformed
ACTIVITY,62,0,PerformedOrUnperformed
ACTIVITY,63,0,PerformedOrUnperformed
ACTIVITY,64,0,PerformedOrUnperformed
ACTIVITY,65,0,PerformedOrUnperformed
ACTIVITY,66,0,PerformedOrUnperformed
ACTIVITY,67,0,PerformedOrUnperformed
ACTIVITY,68,0,PerformedOrUnperformed
ACTIVITY,69,0,PerformedOrUnperformed
ACTIVITY,70,0,PerformedOrUnperformed
ACTIVITY,71,0,PerformedOrUnperformed
ACTIVITY,72,0,PerformedOrUnperformed
ACTIVITY,73,0,PerformedOrUnperformed
ACTIVITY,74,0,PerformedOrUnperformed
ACTIVITY,75,0,PerformedOrUnperformed
ACTIVITY,76,0,PerformedOrUnperformed
ACTIVITY,77,0,PerformedOrUnperformed
ACTIVITY,78,0,PerformedOrUnperformed
ACTIVITY,79,0,PerformedOrUnperformed
ACTIVITY,80,0,PerformedOrUnperformed
ACTIVITY,81,0,PerformedOrUnperformed
ACTIVITY,82,0,PerformedOrUnperformed
ACTIVITY,83,0,PerformedOrUnperformed
ACTIVITY,84,0,PerformedOrUnperformed
ACTIVITY,85,0,PerformedOrUnperformed
ACTIVITY,86,0,PerformedOrUnperformed
ACTIVITY,87,0,PerformedOrUnperformed
ACTIVITY,88,0,PerformedOrUnperformed
ACTIVITY,89,0,PerformedOrUnperformed
ACTIVITY,90,0,PerformedOrUnperformed
ACTIVITY,91,0,PerformedOrUnperformed
ACTIVITY,92,0,PerformedOrUnperformed
ACTIVITY,93,0,PerformedOrUnperformed
ACTIVITY,94,0,PerformedOrUnperformed
ACTIVITY,95,0,PerformedOrUnperformed
ACTIVITY,96,0,PerformedOrUnperformed
ACTIVITY,97,0,PerformedOrUnperformed
ACTIVITY,98,0,PerformedOrUnperformed
ACTIVITY,99,0,PerformedOrUnperformed
ACTIVITY,100,0,PerformedOrUnperformed
ACTIVITY,101,0,PerformedOrUnperformed
ACTIVITY,102,0,PerformedOrUnperformed
ACTIVITY,103,0,PerformedOrUnperformed
ACTIVITY,104,0,PerformedOrUnperformed
ACTIVITY,105,0,PerformedOrUnperformed
ACTIVITY,106,0,PerformedOrUnperformed
ACTIVITY,107,0,PerformedOrUnperformed
ACTIVITY,108,0,PerformedOrUnperformed
ACTIVITY,109,0,PerformedOrUnperformed
ACTIVITY,110,0,PerformedOrUnperformed
ACTIVITY,111,0,PerformedOrUnperformed
ACTIVITY,112,0,PerformedOrUnperformed
ACTIVITY,113,0,PerformedOrUnperformed
ACTIVITY,114,0,PerformedOrUnperformed
ACTIVITY,115,0,PerformedOrUnperformed
ACTIVITY,116,0,PerformedOrUnperformed
ACTIVITY,117,0,PerformedOrUnperformed
ACTIVITY,118,0,PerformedOrUnperformed
ACTIVITY,119,0,PerformedOrUnperformed
ACTIVITY,120,0,PerformedOrUnperformed
ACTIVITY,121,0,PerformedOrUnperformed
ACTIVITY,122,0,PerformedOrUnperformed
ACTIVITY,123,0,PerformedOrUnperformed
ACTIVITY,124,0,PerformedOrUnperformed
ACTIVITY,125,0,PerformedOrUnperformed
ACTIVITY,126,0,PerformedOrUnperformed
ACTIVITY,127,0,PerformedOrUnperformed
ACTIVITY,128,0,PerformedOrUnperformed
ACTIVITY,129,0,PerformedOrUnperformed
ACTIVITY,130,0,PerformedOrUnperformed
ACTIVITY,131,0,PerformedOrUnperformed
ACTIVITY,132,0,PerformedOrUnperformed
ACTIVITY,133,0,PerformedOrUnperformed
ACTIVITY,134,0,PerformedOrUnperformed
ACTIVITY,135,0,PerformedOrUnperformed
ACTIVITY,136,0,PerformedOrUnperformed
ACTIVITY,137,0,PerformedOrUnperformed
ACTIVITY,138,0,PerformedOrUnperformed
ACTIVITY,139,0,PerformedOrUnperformed
ACTIVITY,140,0,PerformedOrUnperformed
ACTIVITY,141,0,PerformedOrUnperformed
ACTIVITY,142,0,PerformedOrUnperformed
ACTIVITY,143,0,PerformedOrUnperformed
ACTIVITY,144,0,PerformedOrUnperformed
ACTIVITY,145,0,PerformedOrUnperformed
ACTIVITY,146,0,PerformedOrUnperformed
ACTIVITY,147,0,PerformedOrUnperformed
ACTIVITY,148,0,PerformedOrUnperformed
ACTIVITY,149,0,PerformedOrUnperformed
ACTIVITY,150,0,PerformedOrUnperformed
ACTIVITY,151,0,PerformedOrUnperformed
ACTIVITY,152,0,PerformedOrUnperformed
ACTIVITY,153,0,PerformedOrUnperformed
ACTIVITY,154,0,PerformedOrUnperformed
ACTIVITY,155,0,PerformedOrUnperformed
ACTIVITY,156,0,PerformedOrUnperformed
ACTIVITY,157,0,PerformedOrUnperformed
ACTIVITY,158,0,PerformedOrUnperformed
ACTIVITY,159,0,PerformedOrUnperformed
ACTIVITY,160,0,PerformedOrUnperformed
ACTIVITY,161,0,PerformedOrUnperformed
ACTIVITY,162,0,PerformedOrUnperformed
ACTIVITY,163,0,PerformedOrUnperformed
ACTIVITY,164,0,PerformedOrUnperformed
ACTIVITY,165,0,PerformedOrUnperformed
ACTIVITY,166,0,PerformedOrUnperformed
ACTIVITY,167,0,PerformedOrUnperformed
ACTIVITY,168,0,PerformedOrUnperformed
ACTIVITY,169,0,PerformedOrUnperformed
ACTIVITY,170,0,PerformedOrUnperformed
ACTIVITY,171,0,PerformedOrUnperformed
ACTIVITY,172,0,PerformedOrUnperformed
ACTIVITY,173,0,PerformedOrUnperformed
ACTIVITY,174,0,PerformedOrUnperformed
ACTIVITY,175,0,PerformedOrUnperformed
ACTIVITY,176,0,PerformedOrUnperformed
ACTIVITY,177,0,PerformedOrUnperformed
ACTIVITY,178,0,PerformedOrUnperformed
ACTIVITY,179,0,PerformedOrUnperformed
ACTIVITY,180,0,PerformedOrUnperformed
ACTIVITY,181,0,PerformedOrUnperformed
ACTIVITY,182,0,PerformedOrUnperformed
ACTIVITY,183,0,PerformedOrUnperformed
ACTIVITY,184,0,PerformedOrUnperformed
ACTIVITY,185,0,PerformedOrUnperformed
ACTIVITY,186,0,PerformedOrUnperformed
ACTIVITY,187,0,PerformedOrUnperformed
ACTIVITY,188,0,PerformedOrUnperformed
ACTIVITY,189,0,PerformedOrUnperformed
ACTIVITY,190,0,PerformedOrUnperformed
ACTIVITY,191,0,PerformedOrUnperformed
ACTIVITY,192,0,PerformedOrUnperformed
ACTIVITY,193,0,PerformedOrUnperformed
ACTIVITY,194,0,PerformedOrUnperformed
ACTIVITY,195,0,PerformedOrUnperformed
ACTIVITY,196,0,PerformedOrUnperformed
ACTIVITY,197,0,PerformedOrUnperformed
ACTIVITY,198,0,PerformedOrUnperformed
ACTIVITY,199,0,PerformedOrUnperformed
ACTIVITY,200,0,PerformedOrUnperformed
ACTIVITY,201,0,PerformedOrUnperformed
ACTIVITY,202,0,PerformedOrUnperformed
ACTIVITY,203,0,PerformedOrUnperformed
ACTIVITY,204,0,PerformedOrUnperformed
ACTIVITY,205,0,PerformedOrUnperformed
ACTIVITY,206,0,PerformedOrUnperformed
ACTIVITY,207,0,PerformedOrUnperformed
ACTIVITY,208,0,PerformedOrUnperformed
ACTIVITY,209,0,PerformedOrUnperformed
ACTIVITY,210,0,PerformedOrUnperformed
ACTIVITY,211,0,PerformedOrUnperformed
ACTIVITY,212,0,PerformedOrUnperformed
ACTIVITY,213,0,PerformedOrUnperformed
ACTIVITY,214,0,PerformedOrUnperformed
ACTIVITY,215,0,PerformedOrUnperformed
ACTIVITY,216,0,PerformedOrUnperformed
ACTIVITY,217,0,PerformedOrUnperformed
ACTIVITY,218,0,PerformedOrUnperformed
ACTIVITY,219,0,PerformedOrUnperformed
ACTIVITY,220,0,PerformedOrUnperformed
ACTIVITY,221,0,PerformedOrUnperformed
ACTIVITY,222,0,PerformedOrUnperformed
ACTIVITY,223,0,PerformedOrUnperformed
ACTIVITY,224,0,PerformedOrUnperformed
ACTIVITY,225,0,PerformedOrUnperformed
ACTIVITY,226,0,PerformedOrUnperformed
ACTIVITY,227,0,PerformedOrUnperformed
ACTIVITY,228,0,PerformedOrUnperformed
ACTIVITY,229,0,PerformedOrUnperformed
ACTIVITY,230,0,PerformedOrUnperformed
ACTIVITY,231,0,PerformedOrUnperformed
ACTIVITY,232,0,PerformedOrUnperformed
ACTIVITY,233,0,PerformedOrUnperformed
ACTIVITY,234,0,PerformedOrUnperformed
ACTIVITY,235,0,PerformedOrUnperformed
ACTIVITY,236,0,PerformedOrUnperformed
ACTIVITY,237,0,PerformedOrUnperformed
ACTIVITY,238,0,PerformedOrUnperformed
ACTIVITY,239,0,PerformedOrUnperformed
ACTIVITY,240,0,PerformedOrUnperformed
ACTIVITY,241,0,PerformedOrUnperformed
ACTIVITY,242,0,PerformedOrUnperformed
ACTIVITY,243,0,PerformedOrUnperformed
ACTIVITY,244,0,PerformedOrUnperformed
ACTIVITY,245,0,PerformedOrUnperformed
ACTIVITY,246,0,PerformedOrUnperformed
ACTIVITY,247,0,PerformedOrUnperformed
ACTIVITY,248,0,PerformedOrUnperformed
ACTIVITY,249,0,PerformedOrUnperformed
ACTIVITY,250,0,PerformedOrUnperformed
ACTIVITY,251,0,PerformedOrUnperformed
ACTIVITY,252,0,PerformedOrUnperformed
ACTIVITY,253,0,PerformedOrUnperformed
ACTIVITY,254,0,PerformedOrUnperformed
ACTIVITY,255,0,PerformedOrUnperformed
ACTIVITY,256,0,PerformedOrUnperformed
ACTIVITY,257,0,PerformedOrUnperformed
ACTIVITY,258,0,PerformedOrUnperformed
ACTIVITY,259,0,PerformedOrUnperformed
ACTIVITY,260,0,PerformedOrUnperformed
ACTIVITY,261,0,PerformedOrUnperformed
ACTIVITY,262,0,PerformedOrUnperformed
ACTIVITY,263,0,PerformedOrUnperformed
ACTIVITY,264,0,PerformedOrUnperformed
ACTIVITY,265,0,PerformedOrUnperformed
ACTIVITY,266,0,PerformedOrUnperformed
ACTIVITY,267,0,PerformedOrUnperformed
ACTIVITY,268,0,PerformedOrUnperformed
ACTIVITY,269,0,PerformedOrUnperformed
ACTIVITY,270,0,PerformedOrUnperformed
ACTIVITY,271,0,PerformedOrUnperformed
ACTIVITY,272,0,PerformedOrUnperformed
ACTIVITY,273,0,PerformedOrUnperformed
ACTIVITY,274,0,PerformedOrUnperformed
ACTIVITY,275,0,PerformedOrUnperformed
ACTIVITY,276,0,PerformedOrUnperformed
ACTIVITY,277,0,PerformedOrUnperformed
ACTIVITY,278,0,PerformedOrUnperformed
ACTIVITY,279,0,PerformedOrUnperformed
ACTIVITY,280,0,PerformedOrUnperformed
ACTIVITY,281,0,PerformedOrUnperformed
ACTIVITY,282,0,PerformedOrUnperformed
ACTIVITY,283,0,PerformedOrUnperformed
ACTIVITY,284,0,PerformedOrUnperformed
ACTIVITY,285,0,PerformedOrUnperformed
ACTIVITY,286,0,PerformedOrUnperformed
ACTIVITY,287,0,PerformedOrUnperformed
ACTIVITY,288,0,PerformedOrUnperformed
ACTIVITY,289,0,PerformedOrUnperformed
ACTIVITY,290,0,PerformedOrUnperformed
ACTIVITY,291,0,PerformedOrUnperformed
ACTIVITY,292,0,PerformedOrUnperformed
ACTIVITY,293,0,PerformedOrUnperformed
ACTIVITY,294,0,PerformedOrUnperformed
ACTIVITY,295,0,PerformedOrUnperformed
ACTIVITY,296,0,PerformedOrUnperformed
ACTIVITY,297,0,PerformedOrUnperformed
ACTIVITY,298,0,PerformedOrUnperformed
ACTIVITY,299,0,PerformedOrUnperformed
ACTIVITY,300,0,PerformedOrUnperformed
ACTIVITY,301,0,PerformedOrUnperformed
ACTIVITY,302,0,PerformedOrUnperformed
ACTIVITY,303,0,PerformedOrUnperformed
ACTIVITY,304,0,PerformedOrUnperformed
ACTIVITY,305,0,PerformedOrUnperformed
ACTIVITY,306,0,PerformedOrUnperformed
ACTIVITY,307,0,PerformedOrUnperformed
ACTIVITY,308,0,PerformedOrUnperformed
ACTIVITY,309,0,PerformedOrUnperformed
ACTIVITY,310,0,PerformedOrUnperformed
ACTIVITY,311,0,PerformedOrUnperformed
ACTIVITY,312,0,PerformedOrUnperformed
ACTIVITY,313,0,PerformedOrUnperformed
ACTIVITY,314,0,PerformedOrUnperformed
ACTIVITY,315,0,PerformedOrUnperformed
ACTIVITY,316,0,PerformedOrUnperformed
ACTIVITY,317,0,PerformedOrUnperformed
ACTIVITY,318,0,PerformedOrUnperformed
ACTIVITY,319,0,PerformedOrUnperformed
ACTIVITY,320,0,PerformedOrUnperformed
ACTIVITY,321,0,PerformedOrUnperformed
ACTIVITY,322,0,PerformedOrUnperformed
ACTIVITY,323,0,PerformedOrUnperformed
ACTIVITY,324,0,PerformedOrUnperformed
ACTIVITY,325,0,PerformedOrUnperformed
ACTIVITY,326,0,PerformedOrUnperformed
ACTIVITY,327,0,PerformedOrUnperformed
ACTIVITY,328,0,PerformedOrUnperformed
ACTIVITY,329,0,PerformedOrUnperformed
ACTIVITY,330,0,PerformedOrUnperformed
ACTIVITY,331,0,PerformedOrUnperformed
ACTIVITY,332,0,PerformedOrUnperformed
ACTIVITY,333,0,PerformedOrUnperformed
ACTIVITY,334,0,PerformedOrUnperformed
ACTIVITY,335,0,PerformedOrUnperformed
ACTIVITY,336,0,PerformedOrUnperformed
ACTIVITY,337,0,PerformedOrUnperformed
ACTIVITY,338,0,PerformedOrUnperformed
ACTIVITY,339,0,PerformedOrUnperformed
ACTIVITY,340,0,PerformedOrUnperformed
ACTIVITY,341,0,PerformedOrUnperformed
ACTIVITY,342,0,PerformedOrUnperformed
ACTIVITY,343,0,PerformedOrUnperformed
ACTIVITY,344,0,PerformedOrUnperformed
ACTIVITY,345,0,PerformedOrUnperformed
ACTIVITY,346,0,PerformedOrUnperformed
ACTIVITY,347,0,PerformedOrUnperformed
ACTIVITY,348,0,PerformedOrUnperformed
ACTIVITY,349,0,PerformedOrUnperformed
ACTIVITY,350,0,PerformedOrUnperformed
ACTIVITY,351,0,PerformedOrUnperformed
ACTIVITY,352,0,PerformedOrUnperformed
ACTIVITY,353,0,PerformedOrUnperformed
ACTIVITY,354,0,PerformedOrUnperformed
ACTIVITY,355,0,PerformedOrUnperformed
ACTIVITY,356,0,PerformedOrUnperformed
ACTIVITY,357,0,PerformedOrUnperformed
ACTIVITY,358,0,PerformedOrUnperformed
ACTIVITY,359,0,PerformedOrUnperformed
ACTIVITY,360,0,PerformedOrUnperformed
ACTIVITY,361,0,PerformedOrUnperformed
ACTIVITY,362,0,PerformedOrUnperformed
ACTIVITY,363,0,PerformedOrUnperformed
ACTIVITY,364,0,PerformedOrUnperformed
ACTIVITY,365,0,PerformedOrUnperformed
ACTIVITY,366,0,PerformedOrUnperformed
ACTIVITY,367,0,PerformedOrUnperformed
ACTIVITY,368,0,PerformedOrUnperformed
ACTIVITY,369,0,PerformedOrUnperformed
ACTIVITY,370,0,PerformedOrUnperformed
ACTIVITY,371,0,PerformedOrUnperformed
ACTIVITY,372,0,PerformedOrUnperformed
ACTIVITY,373,0,PerformedOrUnperformed
ACTIVITY,374,0,PerformedOrUnperformed
ACTIVITY,375,0,PerformedOrUnperformed
ACTIVITY,376,0,PerformedOrUnperformed
ACTIVITY,377,0,PerformedOrUnperformed
ACTIVITY,378,0,PerformedOrUnperformed
ACTIVITY,379,0,PerformedOrUnperformed
ACTIVITY,380,0,PerformedOrUnperformed
ACTIVITY,381,0,PerformedOrUnperformed
ACTIVITY,382,0,PerformedOrUnperformed
ACTIVITY,383,0,PerformedOrUnperformed
ACTIVITY,384,0,PerformedOrUnperformed
ACTIVITY,385,0,PerformedOrUnperformed
ACTIVITY,386,0,PerformedOrUnperformed
ACTIVITY,387,0,PerformedOrUnperformed
ACTIVITY,388,0,PerformedOrUnperformed
ACTIVITY,389,0,PerformedOrUnperformed
ACTIVITY,390,0,PerformedOrUnperformed
ACTIVITY,391,0,PerformedOrUnperformed
ACTIVITY,392,0,PerformedOrUnperformed
ACTIVITY,393,0,PerformedOrUnperformed
ACTIVITY,394,0,PerformedOrUnperformed
ACTIVITY,395,0,PerformedOrUnperformed
ACTIVITY,396,0,PerformedOrUnperformed
ACTIVITY,397,0,PerformedOrUnperformed
ACTIVITY,398,0,PerformedOrUnperformed
ACTIVITY,399,0,PerformedOrUnperformed
ACTIVITY,400,0,PerformedOrUnperformed
ACTIVITY,401,0,PerformedOrUnperformed
ACTIVITY,402,0,PerformedOrUnperformed
ACTIVITY,403,1,PerformedOrUnperformed
ACTIVITY,404,1,PerformedOrUnperformed
ACTIVITY,405,1,PerformedOrUnperformed
ACTIVITY,406,1,PerformedOrUnperformed
ACTIVITY,407,1,PerformedOrUnperformed
ACTIVITY,408,1,PerformedOrUnperformed
ACTIVITY,409,1,PerformedOrUnperformed
ACTIVITY,410,1,PerformedOrUnperformed
ACTIVITY,411,1,PerformedOrUnperformed
ACTIVITY,412,1,PerformedOrUnperformed
ACTIVITY,413,1,PerformedOrUnperformed
ACTIVITY,414,1,PerformedOrUnperformed
ACTIVITY,415,1,PerformedOrUnperformed
ACTIVITY,416,1,PerformedOrUnperformed
ACTIVITY,417,1,PerformedOrUnperformed
ACTIVITY,418,1,PerformedOrUnperformed
ACTIVITY,419,1,PerformedOrUnperformed
ACTIVITY,420,1,PerformedOrUnperformed
ACTIVITY,421,1,PerformedOrUnperformed
ACTIVITY,422,1,PerformedOrUnperformed
ACTIVITY,423,1,PerformedOrUnperformed
ACTIVITY,424,1,PerformedOrUnperformed
ACTIVITY,425,1,PerformedOrUnperformed
ACTIVITY,426,1,PerformedOrUnperformed
ACTIVITY,427,1,PerformedOrUnperformed
ACTIVITY,428,1,PerformedOrUnperformed
ACTIVITY,429,1,PerformedOrUnperformed
ACTIVITY,430,1,PerformedOrUnperformed
ACTIVITY,431,1,PerformedOrUnperformed
ACTIVITY,432,1,PerformedOrUnperformed
ACTIVITY,433,0,PerformedOrUnperformed
ACTIVITY,434,0,PerformedOrUnperformed
ACTIVITY,435,0,PerformedOrUnperformed
ACTIVITY,436,0,PerformedOrUnperformed
ACTIVITY,437,0,PerformedOrUnperformed
ACTIVITY,438,0,PerformedOrUnperformed
ACTIVITY,439,0,PerformedOrUnperformed
ACTIVITY,440,0,PerformedOrUnperformed
ACTIVITY,441,0,PerformedOrUnperformed
ACTIVITY,442,0,PerformedOrUnperformed
ACTIVITY,443,0,PerformedOrUnperformed
ACTIVITY,444,0,PerformedOrUnperformed
ACTIVITY,445,0,PerformedOrUnperformed
ACTIVITY,446,0,PerformedOrUnperformed
ACTIVITY,447,0,PerformedOrUnperformed
ACTIVITY,448,0,PerformedOrUnperformed
ACTIVITY,449,0,PerformedOrUnperformed
ACTIVITY,450,0,PerformedOrUnperformed
ACTIVITY,451,0,PerformedOrUnperformed
ACTIVITY,452,0,PerformedOrUnperformed
ACTIVITY,453,0,PerformedOrUnperformed
ACTIVITY,454,0,PerformedOrUnperformed
ACTIVITY,455,0,PerformedOrUnperformed
ACTIVITY,456,0,PerformedOrUnperformed
ACTIVITY,457,0,PerformedOrUnperformed
ACTIVITY,458,0,PerformedOrUnperformed
ACTIVITY,459,0,PerformedOrUnperformed
ACTIVITY,460,0,PerformedOrUnperformed
ACTIVITY,461,0,PerformedOrUnperformed
ACTIVITY,462,0,PerformedOrUnperformed
ACTIVITY,463,0,PerformedOrUnperformed
ACTIVITY,464,0,PerformedOrUnperformed
ACTIVITY,465,0,PerformedOrUnperformed
ACTIVITY,466,0,PerformedOrUnperformed
ACTIVITY,467,0,PerformedOrUnperformed
ACTIVITY,468,0,PerformedOrUnperformed
ACTIVITY,469,0,PerformedOrUnperformed
ACTIVITY,470,0,PerformedOrUnperformed
ACTIVITY,471,0,PerformedOrUnperformed
ACTIVITY,472,0,PerformedOrUnperformed
ACTIVITY,473,0,PerformedOrUnperformed
ACTIVITY,474,0,PerformedOrUnperformed
ACTIVITY,475,0,PerformedOrUnperformed
ACTIVITY,476,0,PerformedOrUnperformed
ACTIVITY,477,0,PerformedOrUnperformed
ACTIVITY,478,0,PerformedOrUnperformed
ACTIVITY,479,0,PerformedOrUnperformed
ACTIVITY,480,0,PerformedOrUnperformed
ACTIVITY,481,0,PerformedOrUnperformed
ACTIVITY,482,0,PerformedOrUnperformed
ACTIVITY,483,0,PerformedOrUnperformed
ACTIVITY,484,0,PerformedOrUnperformed
ACTIVITY,485,0,PerformedOrUnperformed
ACTIVITY,486,0,PerformedOrUnperformed
ACTIVITY,487,0,PerformedOrUnperformed
ACTIVITY,488,0,PerformedOrUnperformed
ACTIVITY,489,0,PerformedOrUnperformed
ACTIVITY,490,0,PerformedOrUnperformed
ACTIVITY,491,0,PerformedOrUnperformed
ACTIVITY,492,0,PerformedOrUnperformed
ACTIVITY,493,0,PerformedOrUnperformed
ACTIVITY,494,0,PerformedOrUnperformed
ACTIVITY,495,0,PerformedOrUnperformed
ACTIVITY,496,0,PerformedOrUnperformed
ACTIVITY,497,0,PerformedOrUnperformed
ACTIVITY,498,0,PerformedOrUnperformed
ACTIVITY,499,0,PerformedOrUnperformed

DUE_DATE|NAMES,ACTIVITY_ID,DUE_TIME,TYPE,EARLINESS_VARIABLE_COST,TARDINESS_VARIABLE_COST
DUE_DATE|TYPES,int,int,string,float,float
DUE_DATE,0,8000,End,0.2,0.8
DUE_DATE,1,8000,End,0.2,0.8
DUE_DATE,2,8000,End,0.2,0.8
DUE_DATE,3,8000,End,0.2,0.8
DUE_DATE,4,8000,End,0.2,0.8
DUE_DATE,5,8000,End,0.2,0.8
DUE_DATE,6,8000,End,0.2,0.8
DUE_DATE,7,8000,End,0.2,0.8
DUE_DATE,8,8000,End,0.2,0.8
DUE_DATE,9,8000,End,0.2,0.8
DUE_DATE,10,8000,End,0.2,0.8
DUE_DATE,11,8000,End,0.2,0.8
DUE_DATE,12,8000,End,0.2,0.8
DUE_DATE,13,8000,End,0.2,0.8
DUE_DATE,14,8000,End,0.2,0.8
DUE_DATE,15,8000,End,0.2,0.8
DUE_DATE,16,8000,End,0.2,0.8
DUE_DATE,17,8000,End,0.2,0.8
DUE_DATE,18,8000,End,0.2,0.8
DUE_DATE,19,8000,End,0.2,0.8
DUE_DATE,20,8000,End,0.2,0.8
DUE_DATE,21,8000,End,0.2,0.8
DUE_DATE,22,8000,End,0.2,0.8
DUE_DATE,23,8000,End,0.2,0.8
DUE_DATE,24,8000,End,0.2,0.8
DUE_DATE,25,8000,End,0.2,0.8
DUE_DATE,26,8000,End,0.2,0.8
DUE_DATE,27,8000,End,0.2,0.8
DUE_DATE,28,8000,End,0.2,0.8
DUE_DATE,29,8000,End,0.2,0.8
DUE_DATE,30,8000,End,0.2,0.8
DUE_DATE,31,8000,End,0.2,0.8
DUE_DATE,32,8000,End,0.2,0.8
DUE_DATE,33,8000,End,0.2,0.8
DUE_DATE,34,8000,End,0.2,0.8
DUE_DATE,35,8000,End,0.2,0.8
DUE_DATE,36,8000,End,0.2,0.8
DUE_DATE,37,8000,End,0.2,0.8
DUE_DATE,38,8000,End,0.2,0.8
DUE_DATE,39,8000,End,0.2,0.8
DUE_DATE,40,8000,End,0.2,0.8
DUE_DATE,41,8000,End,0.2,0.8
DUE_DATE,42,8000,End,0.2,0.8
DUE_DATE,43,8000,End,0.2,0.8
DUE_DATE,44,8000,End,0.2,0.8
DUE_DATE,45,8000,End,0.2,0.8
DUE_DATE,46,8000,End,0.2,0.8
DUE_DATE,47,8000,End,0.2,0.8
DUE_DATE,48,8000,End,0.2,0.8
DUE_DATE,49,8000,End,0.2,0.8
DUE_DATE,50,8000,End,0.2,0.8
DUE_DATE,51,8000,End,0.2,0.8
DUE_DATE,52,8000,End,0.2,0.8
DUE_DATE,53,8000,End,0.2,0.8
DUE_DATE,54,8000,End,0.2,0.8
DUE_DATE,55,8000,End,0.2,0.8
DUE_DATE,56,8000,End,0.2,0.8
DUE_DATE,57,8000,End,0.2,0.8
DUE_DATE,58,8000,End,0.2,0.8
DUE_DATE,59,8000,End,0.2,0.8
DUE_DATE,60,8000,End,0.2,0.8
DUE_DATE,61,8000,End,0.2,0.8
DUE_DATE,62,8000,End,0.2,0.8
DUE_DATE,63,8000,End,0.2,0.8
DUE_DATE,64,8000,End,0.2,0.8
DUE_DATE,65,8000,End,0.2,0.8
DUE_DATE,66,8000,End,0.2,0.8
DUE_DATE,67,8000,End,0.2,0.8
DUE_DATE,68,8000,End,0.2,0.8
DUE_DATE,69,8000,End,0.2,0.8
DUE_DATE,70,8000,End,0.2,0.8
DUE_DATE,71,8000,End,0.2,0.8
DUE_DATE,72,8000,End,0.2,0.8
DUE_DATE,73,8000,End,0.2,0.8
DUE_DATE,74,8000,End,0.2,0.8
DUE_DATE,75,8000,End,0.2,0.8
DUE_DATE,76,8000,End,0.2,0.8
DUE_DATE,77,8000,End,0.2,0.8
DUE_DATE,78,8000,End,0.2,0.8
DUE_DATE,79,8000,End,0.2,0.8
DUE_DATE,80,8000,End,0.2,0.8
DUE_DATE,81,8000,End,0.2,0.8
DUE_DATE,82,8000,End,0.2,0.8
DUE_DATE,83,8000,End,0.2,0.8
DUE_DATE,84,8000,End,0.2,0.8
DUE_DATE,85,8000,End,0.2,0.8
DUE_DATE,86,8000,End,0.2,0.8
DUE_DATE,87,8000,End,0.2,0.8
DUE_DATE,88,8000,End,0.2,0.8
DUE_DATE,89,8000,End,0.2,0.8
DUE_DATE,90,8000,End,0.2,0.8
DUE_DATE,91,8000,End,0.2,0.8
DUE_DATE,92,8000,End,0.2,0.8
DUE_DATE,93,8000,End,0.2,0.8
DUE_DATE,94,8000,End,0.2,0.8
DUE_DATE,95,8000,End,0.2,0.8
DUE_DATE,96,8000,End,0.2,0.8
DUE_DATE,97,8000,End,0.2,0.8
DUE_DATE,98,8000,End,0.2,0.8
DUE_DATE,99,8000,End,0.2,0.8
DUE_DATE,100,8000,End,0.2,0.8
DUE_DATE,101,8000,End,0.2,0.8
DUE_DATE,102,8000,End,0.2,0.8
DUE_DATE,103,8000,End,0.2,0.8
DUE_DATE,104,8000,End,0.2,0.8
DUE_DATE,105,8000,End,0.2,0.8
DUE_DATE,106,8000,End,0.2,0.8
DUE_DATE,107,8000,End,0.2,0.8
DUE_DATE,108,8000,End,0.2,0.8
DUE_DATE,109,8000,End,0.2,0.8
DUE_DATE,110,8000,End,0.2,0.8
DUE_DATE,111,8000,End,0.2,0.8
DUE_DATE,112,8000,End,0.2,0.8
DUE_DATE,113,8000,End,0.2,0.8
DUE_DATE,114,8000,End,0.2,0.8
DUE_DATE,115,8000,End,0.2,0.8
DUE_DATE,116,8000,End,0.2,0.8
DUE_DATE,117,8000,End,0.2,0.8
DUE_DATE,118,8000,End,0.2,0.8
DUE_DATE,119,8000,End,0.2,0.8
DUE_DATE,120,8000,End,0.2,0.8
DUE_DATE,121,8000,End,0.2,0.8
DUE_DATE,122,8000,End,0.2,0.8
DUE_DATE,123,8000,End,0.2,0.8
DUE_DATE,124,8000,End,0.2,0.8
DUE_DATE,125,8000,End,0.2,0.8
DUE_DATE,126,8000,End,0.2,0.8
DUE_DATE,127,8000,End,0.2,0.8
DUE_DATE,128,8000,End,0.2,0.8
DUE_DATE,129,8000,End,0.2,0.8
DUE_DATE,130,8000,End,0.2,0.8
DUE_DATE,131,8000,End,0.2,0.8
DUE_DATE,132,8000,End,0.2,0.8
DUE_DATE,133,8000,End,0.2,0.8
DUE_DATE,134,8000,End,0.2,0.8
DUE_DATE,135,8000,End,0.2,0.8
DUE_DATE,136,8000,End,0.2,0.8
DUE_DATE,137,8000,End,0.2,0.8
DUE_DATE,138,8000,End,0.2,0.8
DUE_DATE,139,8000,End,0.2,0.8
DUE_DATE,140,8000,End,0.2,0.8
DUE_DATE,141,8000,End,0.2,0.8
DUE_DATE,142,8000,End,0.2,0.8
DUE_DATE,143,8000,End,0.2,0.8
DUE_DATE,144,8000,End,0.2,0.8
DUE_DATE,145,8000,End,0.2,0.8
DUE_DATE,146,8000,End,0.2,0.8
DUE_DATE,147,8000,End,0.2,0.8
DUE_DATE,148,8000,End,0.2,0.8
DUE_DATE,149,8000,End,0.2,0.8
DUE_DATE,150,8000,End,0.2,0.8
DUE_DATE,151,8000,End,0.2,0.8
DUE_DATE,152,8000,End,0.2,0.8
DUE_DATE,153,8000,End,0.2,0.8
DUE_DATE,154,8000,End,0.2,0.8
DUE_DATE,155,8000,End,0.2,0.8
DUE_DATE,156,8000,End,0.2,0.8
DUE_DATE,157,8000,End,0.2,0.8
DUE_DATE,158,8000,End,0.2,0.8
DUE_DATE,159,8000,End,0.2,0.8
DUE_DATE,160,8000,End,0.2,0.8
DUE_DATE,161,8000,End,0.2,0.8
DUE_DATE,162,8000,End,0.2,0.8
DUE_DATE,163,8000,End,0.2,0.8
DUE_DATE,164,8000,End,0.2,0.8
DUE_DATE,165,8000,End,0.2,0.8
DUE_DATE,166,8000,End,0.2,0.8
DUE_DATE,167,8000,End,0.2,0.8
DUE_DATE,168,8000,End,0.2,0.8
DUE_DATE,169,8000,End,0.2,0.8
DUE_DATE,170,8000,End,0.2,0.8
DUE_DATE,171,8000,End,0.2,0.8
DUE_DATE,172,8000,End,0.2,0.8
DUE_DATE,173,8000,End,0.2,0.8
DUE_DATE,174,8000,End,0.2,0.8
DUE_DATE,175,8000,End,0.2,0.8
DUE_DATE,176,8000,End,0.2,0.8
DUE_DATE,177,8000,End,0.2,0.8
DUE_DATE,178,8000,End,0.2,0.8
DUE_DATE,179,8000,End,0.2,0.8
DUE_DATE,180,8000,End,0.2,0.8
DUE_DATE,181,8000,End,0.2,0.8
DUE_DATE,182,8000,End,0.2,0.8
DUE_DATE,183,8000,End,0.2,0.8
DUE_DATE,184,8000,End,0.2,0.8
DUE_DATE,185,8000,End,0.2,0.8
DUE_DATE,186,8000,End,0.2,0.8
DUE_DATE,187,8000,End,0.2,0.8
DUE_DATE,188,8000,End,0.2,0.8
DUE_DATE,189,8000,End,0.2,0.8
DUE_DATE,190,8000,End,0.2,0.8
DUE_DATE,191,8000,End,0.2,0.8
DUE_DATE,192,8000,End,0.2,0.8
DUE_DATE,193,8000,End,0.2,0.8
DUE_DATE,194,8000,End,0.2,0.8
DUE_DATE,195,8000,End,0.2,0.8
DUE_DATE,196,8000,End,0.2,0.8
DUE_DATE,197,8000,End,0.2,0.8
DUE_DATE,198,8000,End,0.2,0.8
DUE_DATE,199,8000,End,0.2,0.8
DUE_DATE,200,8000,End,0.2,0.8
DUE_DATE,201,8000,End,0.2,0.8
DUE_DATE,202,8000,End,0.2,0.8
DUE_DATE,203,8000,End,0.2,0.8
DUE_DATE,204,8000,End,0.2,0.8
DUE_DATE,205,8000,End,0.2,0.8
DUE_DATE,206,8000,End,0.2,0.8
DUE_DATE,207,8000,End,0.2,0.8
DUE_DATE,208,8000,End,0.2,0.8
DUE_DATE,209,8000,End,0.2,0.8
DUE_DATE,210,8000,End,0.2,0.8
DUE_DATE,211,8000,End,0.2,0.8
DUE_DATE,212,8000,End,0.2,0.8
DUE_DATE,213,8000,End,0.2,0.8
DUE_DATE,214,8000,End,0.2,0.8
DUE_DATE,215,8000,End,0.2,0.8
DUE_DATE,216,8000,End,0.2,0.8
DUE_DATE,217,8000,End,0.2,0.8
DUE_DATE,218,8000,End,0.2,0.8
DUE_DATE,219,8000,End,0.2,0.8
DUE_DATE,220,8000,End,0.2,0.8
DUE_DATE,221,8000,End,0.2,0.8
DUE_DATE,222,8000,End,0.2,0.8
DUE_DATE,223,8000,End,0.2,0.8
DUE_DATE,224,8000,End,0.2,0.8
DUE_DATE,225,8000,End,0.2,0.8
DUE_DATE,226,8000,End,0.2,0.8
DUE_DATE,227,8000,End,0.2,0.8
DUE_DATE,228,8000,End,0.2,0.8
DUE_DATE,229,8000,End,0.2,0.8
DUE_DATE,230,8000,End,0.2,0.8
DUE_DATE,231,8000,End,0.2,0.8
DUE_DATE,232,8000,End,0.2,0.8
DUE_DATE,233,8000,End,0.2,0.8
DUE_DATE,234,8000,End,0.2,0.8
DUE_DATE,235,8000,End,0.2,0.8
DUE_DATE,236,8000,End,0.2,0.8
DUE_DATE,237,8000,End,0.2,0.8
DUE_DATE,238,8000,End,0.2,0.8
DUE_DATE,239,8000,End,0.2,0.8
DUE_DATE,240,8000,End,0.2,0.8
DUE_DATE,241,8000,End,0.2,0.8
DUE_DATE,242,8000,End,0.2,0.8
DUE_DATE,243,8000,End,0.2,0.8
DUE_DATE,244,8000,End,0.2,0.8
DUE_DATE,245,8000,End,0.2,0.8
DUE_DATE,246,8000,End,0.2,0.8
DUE_DATE,247,8000,End,0.2,0.8
DUE_DATE,248,8000,End,0.2,0.8
DUE_DATE,249,8000,End,0.2,0.8
DUE_DATE,250,8000,End,0.2,0.8
DUE_DATE,251,8000,End,0.2,0.8
DUE_DATE,252,8000,End,0.2,0.8
DUE_DATE,253,8000,End,0.2,0.8
DUE_DATE,254,8000,End,0.2,0.8
DUE_DATE,255,8000,End,0.2,0.8
DUE_DATE,256,8000,End,0.2,0.8
DUE_DATE,257,8000,End,0.2,0.8
DUE_DATE,258,8000,End,0.2,0.8
DUE_DATE,259,8000,End,0.2,0.8
DUE_DATE,260,8000,End,0.2,0.8
DUE_DATE,261,8000,End,0.2,0.8
DUE_DATE,262,8000,End,0.2,0.8
DUE_DATE,263,8000,End,0.2,0.8
DUE_DATE,264,8000,End,0.2,0.8
DUE_DATE,265,8000,End,0.2,0.8
DUE_DATE,266,8000,End,0.2,0.8
DUE_DATE,267,8000,End,0.2,0.8
DUE_DATE,268,8000,End,0.2,0.8
DUE_DATE,269,8000,End,0.2,0.8
DUE_DATE,270,8000,End,0.2,0.8
DUE_DATE,271,8000,End,0.2,0.8
DUE_DATE,272,8000,End,0.2,0.8
DUE_DATE,273,8000,End,0.2,0.8
DUE_DATE,274,8000,End,0.2,0.8
DUE_DATE,275,8000,End,0.2,0.8
DUE_DATE,276,8000,End,0.2,0.8
DUE_DATE,277,8000,End,0.2,0.8
DUE_DATE,278,8000,End,0.2,0.8
DUE_DATE,279,8000,End,0.2,0.8
DUE_DATE,280,8000,End,0.2,0.8
DUE_DATE,281,8000,End,0.2,0.8
DUE_DATE,282,8000,End,0.2,0.8
DUE_DATE,283,8000,End,0.2,0.8
DUE_DATE,284,8000,End,0.2,0.8
DUE_DATE,285,8000,End,0.2,0.8
DUE_DATE,286,8000,End,0.2,0.8
DUE_DATE,287,8000,End,0.2,0.8
DUE_DATE,288,8000,End,0.2,0.8
DUE_DATE,289,8000,End,0.2,0.8
DUE_DATE,290,8000,End,0.2,0.8
DUE_DATE,291,8000,End,0.2,0.8
DUE_DATE,292,8000,End,0.2,0.8
DUE_DATE,293,8000,End,0.2,0.8
DUE_DATE,294,8000,End,0.2,0.8
DUE_DATE,295,8000,End,0.2,0.8
DUE_DATE,296,8000,End,0.2,0.8
DUE_DATE,297,8000,End,0.2,0.8
DUE_DATE,298,8000,End,0.2,0.8
DUE_DATE,299,8000,End,0.2,0.8
DUE_DATE,300,8000,End,0.2,0.8
DUE_DATE,301,8000,End,0.2,0.8
DUE_DATE,302,8000,End,0.2,0.8
DUE_DATE,303,8000,End,0.2,0.8
DUE_DATE,304,8000,End,0.2,0.8
DUE_DATE,305,8000,End,0.2,0.8
DUE_DATE,306,8000,End,0.2,0.8
DUE_DATE,307,8000,End,0.2,0.8
DUE_DATE,308,8000,End,0.2,0.8
DUE_DATE,309,8000,End,0.2,0.8
DUE_DATE,310,8000,End,0.2,0.8
DUE_DATE,311,8000,End,0.2,0.8
DUE_DATE,312,8000,End,0.2,0.8
DUE_DATE,313,8000,End,0.2,0.8
DUE_DATE,314,8000,End,0.2,0.8
DUE_DATE,315,8000,End,0.2,0.8
DUE_DATE,316,8000,End,0.2,0.8
DUE_DATE,317,8000,End,0.2,0.8
DUE_DATE,318,8000,End,0.2,0.8
DUE_DATE,319,8000,End,0.2,0.8
DUE_DATE,320,8000,End,0.2,0.8
DUE_DATE,321,8000,End,0.2,0.8
DUE_DATE,322,8000,End,0.2,0.8
DUE_DATE,323,8000,End,0.2,0.8
DUE_DATE,324,8000,End,0.2,0.8
DUE_DATE,325,8000,End,0.2,0.8
DUE_DATE,326,8000,End,0.2,0.8
DUE_DATE,327,8000,End,0.2,0.8
DUE_DATE,328,8000,End,0.2,0.8
DUE_DATE,329,8000,End,0.2,0.8
DUE_DATE,330,8000,End,0.2,0.8
DUE_DATE,331,8000,End,0.2,0.8
DUE_DATE,332,8000,End,0.2,0.8
DUE_DATE,333,8000,End,0.2,0.8
DUE_DATE,334,8000,End,0.2,0.8
DUE_DATE,335,8000,End,0.2,0.8
DUE_DATE,336,8000,End,0.2,0.8
DUE_DATE,337,8000,End,0.2,0.8
DUE_DATE,338,8000,End,0.2,0.8
DUE_DATE,339,8000,End,0.2,0.8
DUE_DATE,340,8000,End,0.2,0.8
DUE_DATE,341,8000,End,0.2,0.8
DUE_DATE,342,8000,End,0.2,0.8
DUE_DATE,343,8000,End,0.2,0.8
DUE_DATE,344,8000,End,0.2,0.8
DUE_DATE,345,8000,End,0.2,0.8
DUE_DATE,346,8000,End,0.2,0.8
DUE_DATE,347,8000,End,0.2,0.8
DUE_DATE,348,8000,End,0.2,0.8
DUE_DATE,349,8000,End,0.2,0.8
DUE_DATE,350,8000,End,0.2,0.8
DUE_DATE,351,8000,End,0.2,0.8
DUE_DATE,352,8000,End,0.2,0.8
DUE_DATE,353,8000,End,0.2,0.8
DUE_DATE,354,8000,End,0.2,0.8
DUE_DATE,355,8000,End,0.2,0.8
DUE_DATE,356,8000,End,0.2,0.8
DUE_DATE,357,8000,End,0.2,0.8
DUE_DATE,358,8000,End,0.2,0.8
DUE_DATE,359,8000,End,0.2,0.8
DUE_DATE,360,8000,End,0.2,0.8
DUE_DATE,361,8000,End,0.2,0.8
DUE_DATE,362,8000,End,0.2,0.8
DUE_DATE,363,8000,End,0.2,0.8
DUE_DATE,364,8000,End,0.2,0.8
DUE_DATE,365,8000,End,0.2,0.8
DUE_DATE,366,8000,End,0.2,0.8
DUE_DATE,367,8000,End,0.2,0.8
DUE_DATE,368,8000,End,0.2,0.8
DUE_DATE,369,8000,End,0.2,0.8
DUE_DATE,370,8000,End,0.2,0.8
DUE_DATE,371,8000,End,0.2,0.8
DUE_DATE,372,8000,End,0.2,0.8
DUE_DATE,373,8000,End,0.2,0.8
DUE_DATE,374,8000,End,0.2,0.8
DUE_DATE,375,8000,End,0.2,0.8
DUE_DATE,376,8000,End,0.2,0.8
DUE_DATE,377,8000,End,0.2,0.8
DUE_DATE,378,8000,End,0.2,0.8
DUE_DATE,379,8000,End,0.2,0.8
DUE_DATE,380,8000,End,0.2,0.8
DUE_DATE,381,8000,End,0.2,0.8
DUE_DATE,382,8000,End,0.2,0.8
DUE_DATE,383,8000,End,0.2,0.8
DUE_DATE,384,8000,End,0.2,0.8
DUE_DATE,385,8000,End,0.2,0.8
DUE_DATE,386,8000,End,0.2,0.8
DUE_DATE,387,8000,End,0.2,0.8
DUE_DATE,388,8000,End,0.2,0.8
DUE_DATE,389,8000,End,0.2,0.8
DUE_DATE,390,8000,End,0.2,0.8
DUE_DATE,391,8000,End,0.2,0.8
DUE_DATE,392,8000,End,0.2,0.8
DUE_DATE,393,8000,End,0.2,0.8
DUE_DATE,394,8000,End,0.2,0.8
DUE_DATE,395,8000,End,0.2,0.8
DUE_DATE,396,8000,End,0.2,0.8
DUE_DATE,397,8000,End,0.2,0.8
DUE_DATE,398,8000,End,0.2,0.8
DUE_DATE,399,8000,End,0.2,0.8
DUE_DATE,400,8000,End,0.2,0.8
DUE_DATE,401,8000,End,0.2,0.8
DUE_DATE,402,8000,End,0.2,0.8
DUE_DATE,403,16000,End,0.4,1
DUE_DATE,404,16000,End,0.4,1
DUE_DATE,405,16000,End,0.4,1
DUE_DATE,406,16000,End,0.4,1
DUE_DATE,407,16000,End,0.4,1
DUE_DATE,408,16000,End,0.4,1
DUE_DATE,409,16000,End,0.4,1
DUE_DATE,410,16000,End,0.4,1
DUE_DATE,411,16000,End,0.4,1
DUE_DATE,412,16000,End,0.4,1
DUE_DATE,413,16000,End,0.4,1
DUE_DATE,414,16000,End,0.4,1
DUE_DATE,415,16000,End,0.4,1
DUE_DATE,416,16000,End,0.4,1
DUE_DATE,417,16000,End,0.4,1
DUE_DATE,418,16000,End,0.4,1
DUE_DATE,419,16000,End,0.4,1
DUE_DATE,420,16000,End,0.4,1
DUE_DATE,421,16000,End,0.4,1
DUE_DATE,422,16000,End,0.4,1
DUE_DATE,423,16000,End,0.4,1
DUE_DATE,424,16000,End,0.4,1
DUE_DATE,425,16000,End,0.4,1
DUE_DATE,426,16000,End,0.4,1
DUE_DATE,427,16000,End,0.4,1
DUE_DATE,428,16000,End,0.4,1
DUE_DATE,429,16000,End,0.4,1
DUE_DATE,430,16000,End,0.4,1
DUE_DATE,431,16000,End,0.4,1
DUE_DATE,432,16000,End,0.4,1
DUE_DATE,433,8000,End,0.2,0.8
DUE_DATE,434,8000,End,0.2,0.8
DUE_DATE,435,8000,End,0.2,0.8
DUE_DATE,436,8000,End,0.2,0.8
DUE_DATE,437,8000,End,0.2,0.8
DUE_DATE,438,8000,End,0.2,0.8
DUE_DATE,439,8000,End,0.2,0.8
DUE_DATE,440,8000,End,0.2,0.8
DUE_DATE,441,8000,End,0.2,0.8
DUE_DATE,442,8000,End,0.2,0.8
DUE_DATE,443,8000,End,0.2,0.8
DUE_DATE,444,8000,End,0.2,0.8
DUE_DATE,445,8000,End,0.2,0.8
DUE_DATE,446,8000,End,0.2,0.8
DUE_DATE,447,8000,End,0.2,0.8
DUE_DATE,448,8000,End,0.2,0.8
DUE_DATE,449,8000,End,0.2,0.8
DUE_DATE,450,8000,End,0.2,0.8
DUE_DATE,451,8000,End,0.2,0.8
DUE_DATE,452,8000,End,0.2,0.8
DUE_DATE,453,8000,End,0.2,0.8
DUE_DATE,454,8000,End,0.2,0.8
DUE_DATE,455,8000,End,0.2,0.8
DUE_DATE,456,8000,End,0.2,0.8
DUE_DATE,457,8000,End,0.2,0.8
DUE_DATE,458,8000,End,0.2,0.8
DUE_DATE,459,8000,End,0.2,0.8
DUE_DATE,460,8000,End,0.2,0.8
DUE_DATE,461,8000,End,0.2,0.8
DUE_DATE,462,8000,End,0.2,0.8
DUE_DATE,463,8000,End,0.2,0.8
DUE_DATE,464,8000,End,0.2,0.8
DUE_DATE,465,8000,End,0.2,0.8
DUE_DATE,466,8000,End,0.2,0.8
DUE_DATE,467,8000,End,0.2,0.8
DUE_DATE,468,8000,End,0.2,0.8
DUE_DATE,469,8000,End,0.2,0.8
DUE_DATE,470,8000,End,0.2,0.8
DUE_DATE,471,8000,End,0.2,0.8
DUE_DATE,472,8000,End,0.2,0.8
DUE_DATE,473,8000,End,0.2,0.8
DUE_DATE,474,8000,End,0.2,0.8
DUE_DATE,475,8000,End,0.2,0.8
DUE_DATE,476,8000,End,0.2,0.8
DUE_DATE,477,8000,End,0.2,0.8
DUE_DATE,478,8000,End,0.2,0.8
DUE_DATE,479,8000,End,0.2,0.8
DUE_DATE,480,8000,End,0.2,0.8
DUE_DATE,481,8000,End,0.2,0.8
DUE_DATE,482,8000,End,0.2,0.8
DUE_DATE,483,8000,End,0.2,0.8
DUE_DATE,484,8000,End,0.2,0.8
DUE_DATE,485,8000,End,0.2,0.8
DUE_DATE,486,8000,End,0.2,0.8
DUE_DATE,487,8000,End,0.2,0.8
DUE_DATE,488,8000,End,0.2,0.8
DUE_DATE,489,8000,End,0.2,0.8
DUE_DATE,490,8000,End,0.2,0.8
DUE_DATE,491,8000,End,0.2,0.8
DUE_DATE,492,8000,End,0.2,0.8
DUE_DATE,493,8000,End,0.2,0.8
DUE_DATE,494,8000,End,0.2,0.8
DUE_DATE,495,8000,End,0.2,0.8
DUE_DATE,496,8000,End,0.2,0.8
DUE_DATE,497,8000,End,0.2,0.8
DUE_DATE,498,8000,End,0.2,0.8
DUE_DATE,499,8000,End,0.2,0.8

MODE|NAMES,ACTIVITY_ID,MODE_ID,RESOURCE_ID,REQUIRED_CAPACITY,MODE_COST,PROCESSING_TIME,START_MIN,START_MAX,END_MIN,END_MAX,UNPERFORMED_COST,UNPERFORMED_SETUP_TIME,UNPERFORMED_SETUP_COST
MODE|KEYS,1,1,0,0,0,0,0,0,0,0,0,0,0
MODE|TYPES,int,int,int,int,int,int,int,int,int,int,int,int,int
MODE,0,0,0,1,100,40,0,39960,40,40000,12000,0,0
MODE,1,0,0,1,100,40,0,39960,40,40000,12000,0,0
MODE,2,0,0,1,100,40,0,39960,40,40000,12000,0,0
MODE,3,0,0,1,100,40,0,39960,40,40000,12000,0,0
MODE,4,0,0,1,100,40,0,39960,40,40000,12000,0,0
MODE,5,0,0,1,100,40,0,39960,40,40000,12000,0,0
MODE,6,0,0,1,100,40,0,39960,40,40000,12000,0,0
MODE,7,0,0,1,100,40,0,39960,40,40000,12000,0,0
MODE,8,0,0,1,100,40,0,39960,40,40000,12000,0,0
MODE,9,0,0,1,100,40,0,39960,40,40000,12000,0,0
MODE,10,0,0,1,100,40,0,39960,40,40000,12000,0,0
MODE,11,0,0,1,100,40,0,39960,40,40000,12000,0,0
MODE,12,0,0,1,100,40,0,39960,40,40000,12000,0,0
MODE,13,0,0,1,100,40,0,39960,40,40000,12000,0,0
MODE,14,0,0,1,100,40,0,39960,40,40000,12000,0,0
MODE,15,0,0,1,100,40,0,39960,40,40000,12000,0,0
MODE,16,0,0,1,100,40,0,39960,40,40000,12000,0,0
MODE,17,0,0,1,100,40,0,39960,40,40000,12000,0,0
MODE,18,0,0,1,100,40,0,39960,40,40000,12000,0,0
MODE,19,0,0,1,100,40,0,39960,40,40000,12000,0,0
MODE,20,0,0,1,100,40,0,39960,40,40000,12000,0,0
MODE,21,0,0,1,100,40,0,39960,40,40000,12000,0,0
MODE,22,0,0,1,100,40,0,39960,40,40000,12000,0,0
MODE,23,0,0,1,100,40,0,39960,40,40000,12000,0,0
MODE,24,0,0,1,100,40,0,39960,40,40000,12000,0,0
MODE,25,0,0,1,100,40,0,39960,40,40000,12000,0,0
MODE,26,0,0,1,100,40,0,39960,40,40000,12000,0,0
MODE,27,0,0,1,100,40,0,39960,40,40000,12000,0,0
MODE,28,0,0,1,100,40,0,39960,40,40000,12000,0,0
MODE,29,0,0,1,100,40,0,39960,40,40000,12000,0,0
MODE,30,0,0,1,100,40,0,39960,40,40000,12000,0,0
MODE,31,0,0,1,100,40,0,39960,40,40000,12000,0,0
MODE,32,0,0,1,100,40,0,39960,40,40000,12000,0,0
MODE,33,0,0,1,100,40,0,39960,40,40000,12000,0,0
MODE,34,0,0,1,100,40,0,39960,40,40000,12000,0,0
MODE,35,0,0,1,100,40,0,39960,40,40000,12000,0,0
MODE,36,0,0,1,100,40,0,39960,40,40000,12000,0,0
MODE,37,0,0,1,100,40,0,39960,40,40000,12000,0,0
MODE,38,0,0,1,100,40,0,39960,40,40000,12000,0,0
MODE,39,0,0,1,100,40,0,39960,40,40000,12000,0,0
MODE,40,0,0,1,100,40,0,39960,40,40000,12000,0,0
MODE,41,0,0,1,100,40,0,39960,40,40000,12000,0,0
MODE,42,0,0,1,100,40,0,39960,40,40000,12000,0,0
MODE,43,0,0,1,100,40,0,39960,40,40000,12000,0,0
MODE,44,0,0,1,100,40,0,39960,40,40000,12000,0,0
MODE,45,0,0,1,100,40,0,39960,40,40000,12000,0,0
MODE,46,0,0,1,100,40,0,39960,40,40000,12000,0,0
MODE,47,0,0,1,100,40,0,39960,40,40000,12000,0,0
MODE,48,0,0,1,100,40,0,39960,40,40000,12000,0,0
MODE,49,0,0,1,100,40,0,39960,40,40000,12000,0,0
MODE,50,0,0,1,100,40,0,39960,40,40000,12000,0,0
MODE,51,0,0,1,100,40,0,39960,40,40000,12000,0,0
MODE,52,0,0,1,100,40,0,39960,40,40000,12000,0,0
MODE,53,0,0,1,100,40,0,39960,40,40000,12000,0,0
MODE,54,0,0,1,100,40,0,39960,40,40000,12000,0,0
MODE,55,0,0,1,100,40,0,39960,40,40000,12000,0,0
MODE,56,0,0,1,100,40,0,39960,40,40000,12000,0,0
MODE,57,0,0,1,100,40,0,39960,40,40000,12000,0,0
MODE,58,0,0,1,100,40,0,39960,40,40000,12000,0,0
MODE,59,0,0,1,100,40,0,39960,40,40000,12000,0,0
MODE,60,0,0,1,100,40,0,39960,40,40000,12000,0,0
MODE,61,0,0,1,100,40,0,39960,40,40000,12000,0,0
MODE,62,0,0,1,100,40,0,39960,40,40000,12000,0,0
MODE,63,0,0,1,100,40,0,39960,40,40000,12000,0,0
MODE,64,0,0,1,100,40,0,39960,40,40000,12000,0,0
MODE,65,0,0,1,100,40,0,39960,40,40000,12000,0,0
MODE,66,0,0,1,100,40,0,39960,40,40000,12000,0,0
MODE,67,0,0,1,100,40,0,39960,40,40000,12000,0,0
MODE,68,0,0,1,100,40,0,39960,40,40000,12000,0,0
MODE,69,0,0,1,100,40,0,39960,40,40000,12000,0,0
MODE,70,0,0,1,100,40,0,39960,40,40000,12000,0,0
MODE,71,0,0,1,100,40,0,39960,40,40000,12000,0,0
MODE,72,0,0,1,100,40,0,39960,40,40000,12000,0,0
MODE,73,0,0,1,100,40,0,39960,40,40000,12000,0,0
MODE,74,0,0,1,100,40,0,39960,40,40000,12000,0,0
MODE,75,0,0,1,100,40,0,39960,40,40000,12000,0,0
MODE,76,0,0,1,100,40,0,39960,40,40000,12000,0,0
MODE,77,0,0,1,100,40,0,39960,40,40000,12000,0,0
MODE,78,0,0,1,100,40,0,39960,40,40000,12000,0,0
MODE,79,0,0,1,100,40,0,39960,40,40000,12000,0,0
MODE,80,0,0,1,100,40,0,39960,40,40000,12000,0,0
MODE,81,0,0,1,100,40,0,39960,40,40000,12000,0,0
MODE,82,0,0,1,100,40,0,39960,40,40000,12000,0,0
MODE,83,0,0,1,100,40,0,39960,40,40000,12000,0,0
MODE,84,0,0,1,100,40,0,39960,40,40000,12000,0,0
MODE,85,0,0,1,100,40,0,39960,40,40000,12000,0,0
MODE,86,0,0,1,100,40,0,39960,40,40000,12000,0,0
MODE,87,0,0,1,100,40,0,39960,40,40000,12000,0,0
MODE,88,0,0,1,100,40,0,39960,40,40000,12000,0,0
MODE,89,0,0,1,100,40,0,39960,40,40000,12000,0,0
MODE,90,0,0,1,100,40,0,39960,40,40000,12000,0,0
MODE,91,0,0,1,100,40,0,39960,40,40000,12000,0,0
MODE,92,0,0,1,100,40,0,39960,40,40000,12000,0,0
MODE,93,0,0,1,100,40,0,39960,40,40000,12000,0,0
MODE,94,0,0,1,100,40,0,39960,40,40000,12000,0,0
MODE,95,0,0,1,100,40,0,39960,40,40000,12000,0,0
MODE,96,0,0,1,100,40,0,39960,40,40000,12000,0,0
MODE,97,0,0,1,100,40,0,39960,40,40000,12000,0,0
MODE,98,0,0,1,100,40,0,39960,40,40000,12000,0,0
MODE,99,0,0,1,100,40,0,39960,40,40000,12000,0,0
MODE,100,0,0,1,100,40,0,39960,40,40000,12000,0,0
MODE,101,0,0,1,100,40,0,39960,40,40000,12000,0,0
MODE,102,0,0,1,100,40,0,39960,40,40000,12000,0,0
MODE,103,0,0,1,100,40,0,39960,40,40000,12000,0,0
MODE,104,0,0,1,100,40,0,39960,40,40000,12000,0,0
MODE,105,0,0,1,100,40,0,39960,40,40000,12000,0,0
MODE,106,0,0,1,100,40,0,39960,40,40000,12000,0,0
MODE,107,0,0,1,100,40,0,39960,40,40000,12000,0,0
MODE,108,0,0,1,100,40,0,39960,40,40000,12000,0,0
MODE,109,0,0,1,100,40,0,39960,40,40000,12000,0,0
MODE,110,0,0,1,100,40,0,39960,40,40000,12000,0,0
MODE,111,0,0,1,100,40,0,39960,40,40000,12000,0,0
MODE,112,0,0,1,100,40,0,39960,40,40000,12000,0,0
MODE,113,0,0,1,100,40,0,39960,40,40000,12000,0,0
MODE,114,0,0,1,100,40,0,39960,40,40000,12000,0,0
MODE,115,0,0,1,100,40,0,39960,40,40000,12000,0,0
MODE,116,0,0,1,100,40,0,39960,40,40000,12000,0,0
MODE,117,0,0,1,100,40,0,39960,40,40000,12000,0,0
MODE,118,0,0,1,100,40,0,39960,40,40000,12000,0,0
MODE,119,0,0,1,100,40,0,39960,40,40000,12000,0,0
MODE,120,0,0,1,100,40,0,39960,40,40000,12000,0,0
MODE,121,0,0,1,100,40,0,39960,40,40000,12000,0,0
MODE,122,0,0,1,100,40,0,39960,40,40000,12000,0,0
MODE,123,0,0,1,100,40,0,39960,40,40000,12000,0,0
MODE,124,0,0,1,100,40,0,39960,40,40000,12000,0,0
MODE,125,0,0,1,100,40,0,39960,40,40000,12000,0,0
MODE,126,0,0,1,100,40,0,39960,40,40000,12000,0,0
MODE,127,0,0,1,100,40,0,39960,40,40000,12000,0,0
MODE,128,0,0,1,100,40,0,39960,40,40000,12000,0,0
MODE,129,0,0,1,100,40,0,39960,40,40000,12000,0,0
MODE,130,0,0,1,100,40,0,39960,40,40000,12000,0,0
MODE,131,0,0,1,100,40,0,39960,40,40000,12000,0,0
MODE,132,0,0,1,100,40,0,39960,40,40000,12000,0,0
MODE,133,0,0,1,100,40,0,39960,40,40000,12000,0,0
MODE,134,0,0,1,100,40,0,39960,40,40000,12000,0,0
MODE,135,0,0,1,100,40,0,39960,40,40000,12000,0,0
MODE,136,0,0,1,100,40,0,39960,40,40000,12000,0,0
MODE,137,0,0,1,100,40,0,39960,40,40000,12000,0,0
MODE,138,0,0,1,100,40,0,39960,40,40000,12000,0,0
MODE,139,0,0,1,100,40,0,39960,40,40000,12000,0,0
MODE,140,0,0,1,100,40,0,39960,40,40000,12000,0,0
MODE,141,0,0,1,100,40,0,39960,40,40000,12000,0,0
MODE,142,0,0,1,100,40,0,39960,40,40000,12000,0,0
MODE,143,0,0,1,100,40,0,39960,40,40000,12000,0,0
MODE,144,0,0,1,100,40,0,39960,40,40000,12000,0,0
MODE,145,0,0,1,100,40,0,39960,40,40000,12000,0,0
MODE,146,0,0,1,100,40,0,39960,40,40000,12000,0,0
MODE,147,0,0,1,100,40,0,39960,40,40000,12000,0,0
MODE,148,0,0,1,100,40,0,39960,40,40000,12000,0,0
MODE,149,0,0,1,100,40,0,39960,40,40000,12000,0,0
MODE,150,0,0,1,100,40,0,39960,40,40000,12000,0,0
MODE,151,0,0,1,100,40,0,39960,40,40000,12000,0,0
MODE,152,0,0,1,100,40,0,39960,40,40000,12000,0,0
MODE,153,0,0,1,100,40,0,39960,40,40000,12000,0,0
MODE,154,0,0,1,100,40,0,39960,40,40000,12000,0,0
MODE,155,0,0,1,100,40,0,39960,40,40000,12000,0,0
MODE,156,0,0,1,100,40,0,39960,40,40000,12000,0,0
MODE,157,0,0,1,100,40,0,39960,40,40000,12000,0,0
MODE,158,0,0,1,100,40,0,39960,40,40000,12000,0,0
MODE,159,0,0,1,100,40,0,39960,40,40000,12000,0,0
MODE,160,0,0,1,100,40,0,39960,40,40000,12000,0,0
MODE,161,0,0,1,100,40,0,39960,40,40000,12000,0,0
MODE,162,0,0,1,100,40,0,39960,40,40000,12000,0,0
MODE,163,0,0,1,100,40,0,39960,40,40000,12000,0,0
MODE,164,0,0,1,100,40,0,39960,40,40000,12000,0,0
MODE,165,0,0,1,100,40,0,39960,40,40000,12000,0,0
MODE,166,0,0,1,100,40,0,39960,40,40000,12000,0,0
MODE,167,0,0,1,100,40,0,39960,40,40000,12000,0,0
MODE,168,0,0,1,100,40,0,39960,40,40000,12000,0,0
MODE,169,0,0,1,100,40,0,39960,40,40000,12000,0,0
MODE,170,0,0,1,100,40,0,39960,40,40000,12000,0,0
MODE,171,0,0,1,100,40,0,39960,40,40000,12000,0,0
MODE,172,0,0,1,100,40,0,39960,40,40000,12000,0,0
MODE,173,0,0,1,100,40,0,39960,40,40000,12000,0,0
MODE,174,0,0,1,100,40,0,39960,40,40000,12000,0,0
MODE,175,0,0,1,100,40,0,39960,40,40000,12000,0,0
MODE,176,0,0,1,100,40,0,39960,40,40000,12000,0,0
MODE,177,0,0,1,100,40,0,39960,40,40000,12000,0,0
MODE,178,0,0,1,100,40,0,39960,40,40000,12000,0,0
MODE,179,0,0,1,100,40,0,39960,40,40000,12000,0,0
MODE,180,0,0,1,100,40,0,39960,40,40000,12000,0,0
MODE,181,0,0,1,100,40,0,39960,40,40000,12000,0,0
MODE,182,0,0,1,100,40,0,39960,40,40000,12000,0,0
MODE,183,0,0,1,100,40,0,39960,40,40000,12000,0,0
MODE,184,0,0,1,100,40,0,39960,40,40000,12000,0,0
MODE,185,0,0,1,100,40,0,39960,40,40000,12000,0,0
MODE,186,0,0,1,100,40,0,39960,40,40000,12000,0,0
MODE,187,0,0,1,100,40,0,39960,40,40000,12000,0,0
MODE,188,0,0,1,100,40,0,39960,40,40000,12000,0,0
MODE,189,0,0,1,100,40,0,39960,40,40000,12000,0,0
MODE,190,0,0,1,100,40,0,39960,40,40000,12000,0,0
MODE,191,0,0,1,100,40,0,39960,40,40000,12000,0,0
MODE,192,0,0,1,100,40,0,39960,40,40000,12000,0,0
MODE,193,0,0,1,100,40,0,39960,40,40000,12000,0,0
MODE,194,0,0,1,100,40,0,39960,40,40000,12000,0,0
MODE,195,0,0,1,100,40,0,39960,40,40000,12000,0,0
MODE,196,0,0,1,100,40,0,39960,40,40000,12000,0,0
MODE,197,0,0,1,100,40,0,39960,40,40000,12000,0,0
MODE,198,0,0,1,100,40,0,39960,40,40000,12000,0,0
MODE,199,0,0,1,100,40,0,39960,40,40000,12000,0,0
MODE,200,0,0,1,100,40,0,39960,40,40000,12000,0,0
MODE,201,0,0,1,100,40,0,39960,40,40000,12000,0,0
MODE,202,0,0,1,100,40,0,39960,40,40000,12000,0,0
MODE,203,0,0,1,100,40,0,39960,40,40000,12000,0,0
MODE,204,0,0,1,100,40,0,39960,40,40000,12000,0,0
MODE,205,0,0,1,100,40,0,39960,40,40000,12000,0,0
MODE,206,0,0,1,100,40,0,39960,40,40000,12000,0,0
MODE,207,0,0,1,100,40,0,39960,40,40000,12000,0,0
MODE,208,0,0,1,100,40,0,39960,40,40000,12000,0,0
MODE,209,0,0,1,100,40,0,39960,40,40000,12000,0,0
MODE,210,0,0,1,100,40,0,39960,40,40000,12000,0,0
MODE,211,0,0,1,100,40,0,39960,40,40000,12000,0,0
MODE,212,0,0,1,100,40,0,39960,40,40000,12000,0,0
MODE,213,0,0,1,100,40,0,39960,40,40000,12000,0,0
MODE,214,0,0,1,100,40,0,39960,40,40000,12000,0,0
MODE,215,0,0,1,100,40,0,39960,40,40000,12000,0,0
MODE,216,0,0,1,100,40,0,39960,40,40000,12000,0,0
MODE,217,0,0,1,100,40,0,39960,40,40000,12000,0,0
MODE,218,0,0,1,100,40,0,39960,40,40000,12000,0,0
MODE,219,0,0,1,100,40,0,39960,40,40000,12000,0,0
MODE,220,0,0,1,100,40,0,39960,40,40000,12000,0,0
MODE,221,0,0,1,100,40,0,39960,40,40000,12000,0,0
MODE,222,0,0,1,100,40,0,39960,40,40000,12000,0,0
MODE,223,0,0,1,100,40,0,39960,40,40000,12000,0,0
MODE,224,0,0,1,100,40,0,39960,40,40000,12000,0,0
MODE,225,0,0,1,100,40,0,39960,40,40000,12000,0,0
MODE,226,0,0,1,100,40,0,39960,40,40000,12000,0,0
MODE,227,0,0,1,100,40,0,39960,40,40000,12000,0,0
MODE,228,0,0,1,100,40,0,39960,40,40000,12000,0,0
MODE,229,0,0,1,100,40,0,39960,40,40000,12000,0,0
MODE,230,0,0,1,100,40,0,39960,40,40000,12000,0,0
MODE,231,0,0,1,100,40,0,39960,40,40000,12000,0,0
MODE,232,0,0,1,100,40,0,39960,40,40000,12000,0,0
MODE,233,0,0,1,100,40,0,39960,40,40000,12000,0,0
MODE,234,0,0,1,100,40,0,39960,40,40000,12000,0,0
MODE,235,0,0,1,100,40,0,39960,40,40000,12000,0,0
MODE,236,0,0,1,100,40,0,39960,40,40000,12000,0,0
MODE,237,0,0,1,100,40,0,39960,40,40000,12000,0,0
MODE,238,0,0,1,100,40,0,39960,40,40000,12000,0,0
MODE,239,0,0,1,100,40,0,39960,40,40000,12000,0,0
MODE,240,0,0,1,100,40,0,39960,40,40000,12000,0,0
MODE,241,0,0,1,100,40,0,39960,40,40000,12000,0,0
MODE,242,0,0,1,100,40,0,39960,40,40000,12000,0,0
MODE,243,0,0,1,100,40,0,39960,40,40000,12000,0,0
MODE,244,0,0,1,100,40,0,39960,40,40000,12000,0,0
MODE,245,0,0,1,100,40,0,39960,40,40000,12000,0,0
MODE,246,0,0,1,100,40,0,39960,40,40000,12000,0,0
MODE,247,0,0,1,100,40,0,39960,40,40000,12000,0,0
MODE,248,0,0,1,100,40,0,39960,40,40000,12000,0,0
MODE,249,0,0,1,100,40,0,39960,40,40000,12000,0,0
MODE,250,0,0,1,100,40,0,39960,40,40000,12000,0,0
MODE,251,0,0,1,100,40,0,39960,40,40000,12000,0,0
MODE,252,0,0,1,100,40,0,39960,40,40000,12000,0,0
MODE,253,0,0,1,100,40,0,39960,40,40000,12000,0,0
MODE,254,0,0,1,100,40,0,39960,40,40000,12000,0,0
MODE,255,0,0,1,100,40,0,39960,40,40000,12000,0,0
MODE,256,0,0,1,100,40,0,39960,40,40000,12000,0,0
MODE,257,0,0,1,100,40,0,39960,40,40000,12000,0,0
MODE,258,0,0,1,100,40,0,39960,40,40000,12000,0,0
MODE,259,0,0,1,100,40,0,39960,40,40000,12000,0,0
MODE,260,0,0,1,100,40,0,39960,40,40000,12000,0,0
MODE,261,0,0,1,100,40,0,39960,40,40000,12000,0,0
MODE,262,0,0,1,100,40,0,39960,40,40000,12000,0,0
MODE,263,0,0,1,100,40,0,39960,40,40000,12000,0,0
MODE,264,0,0,1,100,40,0,39960,40,40000,12000,0,0
MODE,265,0,0,1,100,40,0,39960,40,40000,12000,0,0
MODE,266,0,0,1,100,40,0,39960,40,40000,12000,0,0
MODE,267,0,0,1,100,40,0,39960,40,40000,12000,0,0
MODE,268,0,0,1,100,40,0,39960,40,40000,12000,0,0
MODE,269,0,0,1,100,40,0,39960,40,40000,12000,0,0
MODE,270,0,0,1,100,40,0,39960,40,40000,12000,0,0
MODE,271,0,0,1,100,40,0,39960,40,40000,12000,0,0
MODE,272,0,0,1,100,40,0,39960,40,40000,12000,0,0
MODE,273,0,0,1,100,40,0,39960,40,40000,12000,0,0
MODE,274,0,0,1,100,40,0,39960,40,40000,12000,0,0
MODE,275,0,0,1,100,40,0,39960,40,40000,12000,0,0
MODE,276,0,0,1,100,40,0,39960,40,40000,12000,0,0
MODE,277,0,0,1,100,40,0,39960,40,40000,12000,0,0
MODE,278,0,0,1,100,40,0,39960,40,40000,12000,0,0
MODE,279,0,0,1,100,40,0,39960,40,40000,12000,0,0
MODE,280,0,0,1,100,40,0,39960,40,40000,12000,0,0
MODE,281,0,0,1,100,40,0,39960,40,40000,12000,0,0
MODE,282,0,0,1,100,40,0,39960,40,40000,12000,0,0
MODE,283,0,0,1,100,40,0,39960,40,40000,12000,0,0
MODE,284,0,0,1,100,40,0,39960,40,40000,12000,0,0
MODE,285,0,0,1,100,40,0,39960,40,40000,12000,0,0
MODE,286,0,0,1,100,40,0,39960,40,40000,12000,0,0
MODE,287,0,0,1,100,40,0,39960,40,40000,12000,0,0
MODE,288,0,0,1,100,40,0,39960,40,40000,12000,0,0
MODE,289,0,0,1,100,40,0,39960,40,40000,12000,0,0
MODE,290,0,0,1,100,40,0,39960,40,40000,12000,0,0
MODE,291,0,0,1,100,40,0,39960,40,40000,12000,0,0
MODE,292,0,0,1,100,40,0,39960,40,40000,12000,0,0
MODE,293,0,0,1,100,40,0,39960,40,40000,12000,0,0
MODE,294,0,0,1,100,40,0,39960,40,40000,12000,0,0
MODE,295,0,0,1,100,40,0,39960,40,40000,12000,0,0
MODE,296,0,0,1,100,40,0,39960,40,40000,12000,0,0
MODE,297,0,0,1,100,40,0,39960,40,40000,12000,0,0
MODE,298,0,0,1,100,40,0,39960,40,40000,12000,0,0
MODE,299,0,0,1,100,40,0,39960,40,40000,12000,0,0
MODE,300,0,0,1,100,40,0,39960,40,40000,12000,0,0
MODE,301,0,0,1,100,40,0,39960,40,40000,12000,0,0
MODE,302,0,0,1,100,40,0,39960,40,40000,12000,0,0
MODE,303,0,0,1,100,40,0,39960,40,40000,12000,0,0
MODE,304,0,0,1,100,40,0,39960,40,40000,12000,0,0
MODE,305,0,0,1,100,40,0,39960,40,40000,12000,0,0
MODE,306,0,0,1,100,40,0,39960,40,40000,12000,0,0
MODE,307,0,0,1,100,40,0,39960,40,40000,12000,0,0
MODE,308,0,0,1,100,40,0,39960,40,40000,12000,0,0
MODE,309,0,0,1,100,40,0,39960,40,40000,12000,0,0
MODE,310,0,0,1,100,40,0,39960,40,40000,12000,0,0
MODE,311,0,0,1,100,40,0,39960,40,40000,12000,0,0
MODE,312,0,0,1,100,40,0,39960,40,40000,12000,0,0
MODE,313,0,0,1,100,40,0,39960,40,40000,12000,0,0
MODE,314,0,0,1,100,40,0,39960,40,40000,12000,0,0
MODE,315,0,0,1,100,40,0,39960,40,40000,12000,0,0
MODE,316,0,0,1,100,40,0,39960,40,40000,12000,0,0
MODE,317,0,0,1,100,40,0,39960,40,40000,12000,0,0
MODE,318,0,0,1,100,40,0,39960,40,40000,12000,0,0
MODE,319,0,0,1,100,40,0,39960,40,40000,12000,0,0
MODE,320,0,0,1,100,40,0,39960,40,40000,12000,0,0
MODE,321,0,0,1,100,40,0,39960,40,40000,12000,0,0
MODE,322,0,0,1,100,40,0,39960,40,40000,12000,0,0
MODE,323,0,0,1,100,40,0,39960,40,40000,12000,0,0
MODE,324,0,0,1,100,40,0,39960,40,40000,12000,0,0
MODE,325,0,0,1,100,40,0,39960,40,40000,12000,0,0
MODE,326,0,0,1,100,40,0,39960,40,40000,12000,0,0
MODE,327,0,0,1,100,40,0,39960,40,40000,12000,0,0
MODE,328,0,0,1,100,40,0,39960,40,40000,12000,0,0
MODE,329,0,0,1,100,40,0,39960,40,40000,12000,0,0
MODE,330,0,0,1,100,40,0,39960,40,40000,12000,0,0
MODE,331,0,0,1,100,40,0,39960,40,40000,12000,0,0
MODE,332,0,0,1,100,40,0,39960,40,40000,12000,0,0
MODE,333,0,0,1,100,40,0,39960,40,40000,12000,0,0
MODE,334,0,0,1,100,40,0,39960,40,40000,12000,0,0
MODE,335,0,0,1,100,40,0,39960,40,40000,12000,0,0
MODE,336,0,0,1,100,40,0,39960,40,40000,12000,0,0
MODE,337,0,0,1,100,40,0,39960,40,40000,12000,0,0
MODE,338,0,0,1,100,40,0,39960,40,40000,12000,0,0
MODE,339,0,0,1,100,40,0,39960,40,40000,12000,0,0
MODE,340,0,0,1,100,40,0,39960,40,40000,12000,0,0
MODE,341,0,0,1,100,40,0,39960,40,40000,12000,0,0
MODE,342,0,0,1,100,40,0,39960,40,40000,12000,0,0
MODE,343,0,0,1,100,40,0,39960,40,40000,12000,0,0
MODE,344,0,0,1,100,40,0,39960,40,40000,12000,0,0
MODE,345,0,0,1,100,40,0,39960,40,40000,12000,0,0
MODE,346,0,0,1,100,40,0,39960,40,40000,12000,0,0
MODE,347,0,0,1,100,40,0,39960,40,40000,12000,0,0
MODE,348,0,0,1,100,40,0,39960,40,40000,12000,0,0
MODE,349,0,0,1,100,40,0,39960,40,40000,12000,0,0
MODE,350,0,0,1,100,40,0,39960,40,40000,12000,0,0
MODE,351,0,0,1,100,40,0,39960,40,40000,12000,0,0
MODE,352,0,0,1,100,40,0,39960,40,40000,12000,0,0
MODE,353,0,0,1,100,40,0,39960,40,40000,12000,0,0
MODE,354,0,0,1,100,40,0,39960,40,40000,12000,0,0
MODE,355,0,0,1,100,40,0,39960,40,40000,12000,0,0
MODE,356,0,0,1,100,40,0,39960,40,40000,12000,0,0
MODE,357,0,0,1,100,40,0,39960,40,40000,12000,0,0
MODE,358,0,0,1,100,40,0,39960,40,40000,12000,0,0
MODE,359,0,0,1,100,40,0,39960,40,40000,12000,0,0
MODE,360,0,0,1,100,40,0,39960,40,40000,12000,0,0
MODE,361,0,0,1,100,40,0,39960,40,40000,12000,0,0
MODE,362,0,0,1,100,40,0,39960,40,40000,12000,0,0
MODE,363,0,0,1,100,40,0,39960,40,40000,12000,0,0
MODE,364,0,0,1,100,40,0,39960,40,40000,12000,0,0
MODE,365,0,0,1,100,40,0,39960,40,40000,12000,0,0
MODE,366,0,0,1,100,40,0,39960,40,40000,12000,0,0
MODE,367,0,0,1,100,40,0,39960,40,40000,12000,0,0
MODE,368,0,0,1,100,40,0,39960,40,40000,12000,0,0
MODE,369,0,0,1,100,40,0,39960,40,40000,12000,0,0
MODE,370,0,0,1,100,40,0,39960,40,40000,12000,0,0
MODE,371,0,0,1,100,40,0,39960,40,40000,12000,0,0
MODE,372,0,0,1,100,40,0,39960,40,40000,12000,0,0
MODE,373,0,0,1,100,40,0,39960,40,40000,12000,0,0
MODE,374,0,0,1,100,40,0,39960,40,40000,12000,0,0
MODE,375,0,0,1,100,40,0,39960,40,40000,12000,0,0
MODE,376,0,0,1,100,40,0,39960,40,40000,12000,0,0
MODE,377,0,0,1,100,40,0,39960,40,40000,12000,0,0
MODE,378,0,0,1,100,40,0,39960,40,40000,12000,0,0
MODE,379,0,0,1,100,40,0,39960,40,40000,12000,0,0
MODE,380,0,0,1,100,40,0,39960,40,40000,12000,0,0
MODE,381,0,0,1,100,40,0,39960,40,40000,12000,0,0
MODE,382,0,0,1,100,40,0,39960,40,40000,12000,0,0
MODE,383,0,0,1,100,40,0,39960,40,40000,12000,0,0
MODE,384,0,0,1,100,40,0,39960,40,40000,12000,0,0
MODE,385,0,0,1,100,40,0,39960,40,40000,12000,0,0
MODE,386,0,0,1,100,40,0,39960,40,40000,12000,0,0
MODE,387,0,0,1,100,40,0,39960,40,40000,12000,0,0
MODE,388,0,0,1,100,40,0,39960,40,40000,12000,0,0
MODE,389,0,0,1,100,40,0,39960,40,40000,12000,0,0
MODE,390,0,0,1,100,40,0,39960,40,40000,12000,0,0
MODE,391,0,0,1,100,40,0,39960,40,40000,12000,0,0
MODE,392,0,0,1,100,40,0,39960,40,40000,12000,0,0
MODE,393,0,0,1,100,40,0,39960,40,40000,12000,0,0
MODE,394,0,0,1,100,40,0,39960,40,40000,12000,0,0
MODE,395,0,0,1,100,40,0,39960,40,40000,12000,0,0
MODE,396,0,0,1,100,40,0,39960,40,40000,12000,0,0
MODE,397,0,0,1,100,40,0,39960,40,40000,12000,0,0
MODE,398,0,0,1,100,40,0,39960,40,40000,12000,0,0
MODE,399,0,0,1,100,40,0,39960,40,40000,12000,0,0
MODE,400,0,0,1,100,40,0,39960,40,40000,12000,0,0
MODE,401,0,0,1,100,40,0,39960,40,40000,12000,0,0
MODE,402,0,0,1,100,40,0,39960,40,40000,12000,0,0
MODE,403,0,0,1,100,25,0,39975,25,40000,9000,0,0
MODE,404,0,0,1,100,25,0,39975,25,40000,9000,0,0
MODE,405,0,0,1,100,25,0,39975,25,40000,9000,0,0
MODE,406,0,0,1,100,25,0,39975,25,40000,9000,0,0
MODE,407,0,0,1,100,25,0,39975,25,40000,9000,0,0
MODE,408,0,0,1,100,25,0,39975,25,40000,9000,0,0
MODE,409,0,0,1,100,25,0,39975,25,40000,9000,0,0
MODE,410,0,0,1,100,25,0,39975,25,40000,9000,0,0
MODE,411,0,0,1,100,25,0,39975,25,40000,9000,0,0
MODE,412,0,0,1,100,25,0,39975,25,40000,9000,0,0
MODE,413,0,0,1,100,25,0,39975,25,40000,9000,0,0
MODE,414,0,0,1,100,25,0,39975,25,40000,9000,0,0
MODE,415,0,0,1,100,25,0,39975,25,40000,9000,0,0
MODE,416,0,0,1,100,25,0,39975,25,40000,9000,0,0
MODE,417,0,0,1,100,25,0,39975,25,40000,9000,0,0
MODE,418,0,0,1,100,25,0,39975,25,40000,9000,0,0
MODE,419,0,0,1,100,25,0,39975,25,40000,9000,0,0
MODE,420,0,0,1,100,25,0,39975,25,40000,9000,0,0
MODE,421,0,0,1,100,25,0,39975,25,40000,9000,0,0
MODE,422,0,0,1,100,25,0,39975,25,40000,9000,0,0
MODE,423,0,0,1,100,25,0,39975,25,40000,9000,0,0
MODE,424,0,0,1,100,25,0,39975,25,40000,9000,0,0
MODE,425,0,0,1,100,25,0,39975,25,40000,9000,0,0
MODE,426,0,0,1,100,25,0,39975,25,40000,9000,0,0
MODE,427,0,0,1,100,25,0,39975,25,40000,9000,0,0
MODE,428,0,0,1,100,25,0,39975,25,40000,9000,0,0
MODE,429,0,0,1,100,25,0,39975,25,40000,9000,0,0
MODE,430,0,0,1,100,25,0,39975,25,40000,9000,0,0
MODE,431,0,0,1,100,25,0,39975,25,40000,9000,0,0
MODE,432,0,0,1,100,25,0,39975,25,40000,9000,0,0
MODE,433,0,0,1,100,40,0,39960,40,40000,12000,0,0
MODE,434,0,0,1,100,40,0,39960,40,40000,12000,0,0
MODE,435,0,0,1,100,40,0,39960,40,40000,12000,0,0
MODE,436,0,0,1,100,40,0,39960,40,40000,12000,0,0
MODE,437,0,0,1,100,40,0,39960,40,40000,12000,0,0
MODE,438,0,0,1,100,40,0,39960,40,40000,12000,0,0
MODE,439,0,0,1,100,40,0,39960,40,40000,12000,0,0
MODE,440,0,0,1,100,40,0,39960,40,40000,12000,0,0
MODE,441,0,0,1,100,40,0,39960,40,40000,12000,0,0
MODE,442,0,0,1,100,40,0,39960,40,40000,12000,0,0
MODE,443,0,0,1,100,40,0,39960,40,40000,12000,0,0
MODE,444,0,0,1,100,40,0,39960,40,40000,12000,0,0
MODE,445,0,0,1,100,40,0,39960,40,40000,12000,0,0
MODE,446,0,0,1,100,40,0,39960,40,40000,12000,0,0
MODE,447,0,0,1,100,40,0,39960,40,40000,12000,0,0
MODE,448,0,0,1,100,40,0,39960,40,40000,12000,0,0
MODE,449,0,0,1,100,40,0,39960,40,40000,12000,0,0
MODE,450,0,0,1,100,40,0,39960,40,40000,12000,0,0
MODE,451,0,0,1,100,40,0,39960,40,40000,12000,0,0
MODE,452,0,0,1,100,40,0,39960,40,40000,12000,0,0
MODE,453,0,0,1,100,40,0,39960,40,40000,12000,0,0
MODE,454,0,0,1,100,40,0,39960,40,40000,12000,0,0
MODE,455,0,0,1,100,40,0,39960,40,40000,12000,0,0
MODE,456,0,0,1,100,40,0,39960,40,40000,12000,0,0
MODE,457,0,0,1,100,40,0,39960,40,40000,12000,0,0
MODE,458,0,0,1,100,40,0,39960,40,40000,12000,0,0
MODE,459,0,0,1,100,40,0,39960,40,40000,12000,0,0
MODE,460,0,0,1,100,40,0,39960,40,40000,12000,0,0
MODE,461,0,0,1,100,40,0,39960,40,40000,12000,0,0
MODE,462,0,0,1,100,40,0,39960,40,40000,12000,0,0
MODE,463,0,0,1,100,40,0,39960,40,40000,12000,0,0
MODE,464,0,0,1,100,40,0,39960,40,40000,12000,0,0
MODE,465,0,0,1,100,40,0,39960,40,40000,12000,0,0
MODE,466,0,0,1,100,40,0,39960,40,40000,12000,0,0
MODE,467,0,0,1,100,40,0,39960,40,40000,12000,0,0
MODE,468,0,0,1,100,40,0,39960,40,40000,12000,0,0
MODE,469,0,0,1,100,40,0,39960,40,40000,12000,0,0
MODE,470,0,0,1,100,40,0,39960,40,40000,12000,0,0
MODE,471,0,0,1,100,40,0,39960,40,40000,12000,0,0
MODE,472,0,0,1,100,40,0,39960,40,40000,12000,0,0
MODE,473,0,0,1,100,40,0,39960,40,40000,12000,0,0
MODE,474,0,0,1,100,40,0,39960,40,40000,12000,0,0
MODE,475,0,0,1,100,40,0,39960,40,40000,12000,0,0
MODE,476,0,0,1,100,40,0,39960,40,40000,12000,0,0
MODE,477,0,0,1,100,40,0,39960,40,40000,12000,0,0
MODE,478,0,0,1,100,40,0,39960,40,40000,12000,0,0
MODE,479,0,0,1,100,40,0,39960,40,40000,12000,0,0
MODE,480,0,0,1,100,40,0,39960,40,40000,12000,0,0
MODE,481,0,0,1,100,40,0,39960,40,40000,12000,0,0
MODE,482,0,0,1,100,40,0,39960,40,40000,12000,0,0
MODE,483,0,0,1,100,40,0,39960,40,40000,12000,0,0
MODE,484,0,0,1,100,40,0,39960,40,40000,12000,0,0
MODE,485,0,0,1,100,40,0,39960,40,40000,12000,0,0
MODE,486,0,0,1,100,40,0,39960,40,40000,12000,0,0
MODE,487,0,0,1,100,40,0,39960,40,40000,12000,0,0
MODE,488,0,0,1,100,40,0,39960,40,40000,12000,0,0
MODE,489,0,0,1,100,40,0,39960,40,40000,12000,0,0
MODE,490,0,0,1,100,40,0,39960,40,40000,12000,0,0
MODE,491,0,0,1,100,40,0,39960,40,40000,12000,0,0
MODE,492,0,0,1,100,40,0,39960,40,40000,12000,0,0
MODE,493,0,0,1,100,40,0,39960,40,40000,12000,0,0
MODE,494,0,0,1,100,40,0,39960,40,40000,12000,0,0
MODE,495,0,0,1,100,40,0,39960,40,40000,12000,0,0
MODE,496,0,0,1,100,40,0,39960,40,40000,12000,0,0
MODE,497,0,0,1,100,40,0,39960,40,40000,12000,0,0
MODE,498,0,0,1,100,40,0,39960,40,40000,12000,0,0
MODE,499,0,0,1,100,40,0,39960,40,40000,12000,0,0

CRITERION_WEIGHT|NAMES,CRITERION,WEIGHT
CRITERION_WEIGHT|KEYS,1,0
CRITERION_WEIGHT|TYPES,string,float

